# Results from Tracker
# Time [s]	Position [cm]
1.230000000000000071e+01	-1.137461413608113503e+02
1.231666666666666821e+01	-1.134276608573991041e+02
1.233333333333333393e+01	-1.132610786928711235e+02
1.235000000000000142e+01	-1.130561143290385644e+02
1.236666666666666714e+01	-1.125536258458329115e+02
1.238333333333333464e+01	-1.120623521385719386e+02
1.240000000000000036e+01	-1.120647683288351999e+02
1.241666666666666785e+01	-1.113296473171672432e+02
1.243333333333333357e+01	-1.108383403218992669e+02
1.245000000000000107e+01	-1.100348329635071423e+02
1.246666666666666679e+01	-1.103747726882297826e+02
1.248333333333333428e+01	-1.100242748047810863e+02
1.250000000000000000e+01	-1.098405327053924907e+02
1.251666666666666750e+01	-1.091540745233713068e+02
1.253333333333333499e+01	-1.090700529422513654e+02
1.255000000000000071e+01	-1.085330895680987027e+02
1.256666666666666821e+01	-1.080143179750927374e+02
1.258333333333333393e+01	-1.079082335235802503e+02
1.260000000000000142e+01	-1.074026320162122232e+02
1.261666666666666714e+01	-1.071335966651999030e+02
1.263333333333333464e+01	-1.065681225679024067e+02
1.265000000000000036e+01	-1.063582354337429763e+02
1.266666666666666785e+01	-1.062983188463880424e+02
1.268333333333333357e+01	-1.060733990771375943e+02
1.270000000000000107e+01	-1.051113295952622906e+02
1.271666666666666679e+01	-1.048917560536869331e+02
1.273333333333333428e+01	-1.046841941806003575e+02
1.275000000000000000e+01	-1.044157792896420744e+02
1.276666666666666750e+01	-1.033024168090422279e+02
1.278333333333333499e+01	-1.036952773506894658e+02
1.280000000000000071e+01	-1.029014010475831782e+02
1.281666666666666821e+01	-1.029396562566915776e+02
1.283333333333333393e+01	-1.022262821180358969e+02
1.285000000000000142e+01	-1.020289080295239756e+02
1.286666666666666714e+01	-1.015851022957254486e+02
1.288333333333333464e+01	-1.017066147009158925e+02
1.290000000000000036e+01	-1.009821509606964298e+02
1.291666666666666785e+01	-1.007933344017158248e+02
1.293333333333333357e+01	-1.001491729707057203e+02
1.295000000000000107e+01	-1.000450611383968038e+02
1.296666666666666679e+01	-9.962175305884967713e+01
1.298333333333333428e+01	-9.895494838335048371e+01
1.300000000000000000e+01	-9.889835083176512853e+01
1.301666666666666750e+01	-9.848145889446099943e+01
1.303333333333333499e+01	-9.822928291428596026e+01
1.305000000000000071e+01	-9.764718863725924791e+01
1.306666666666666821e+01	-9.723728051702782693e+01
1.308333333333333393e+01	-9.712037783323562223e+01
1.310000000000000142e+01	-9.664816958338417408e+01
1.311666666666666714e+01	-9.645019825313721640e+01
1.313333333333333464e+01	-9.577086261998492489e+01
1.315000000000000036e+01	-9.505190114382438082e+01
1.316666666666666785e+01	-9.516465005420675993e+01
1.318333333333333357e+01	-9.500058520661833938e+01
1.320000000000000107e+01	-9.420461941423828023e+01
1.321666666666666679e+01	-9.441012715071066452e+01
1.323333333333333428e+01	-9.360964232720556311e+01
1.325000000000000000e+01	-9.345707435971495158e+01
1.326666666666666750e+01	-9.280509714156488599e+01
1.328333333333333499e+01	-9.290392619211895919e+01
1.330000000000000071e+01	-9.257122606061581394e+01
1.331666666666666821e+01	-9.217475959268350039e+01
1.333333333333333393e+01	-9.172037533881714921e+01
1.335000000000000142e+01	-9.118667981495009656e+01
1.336666666666666714e+01	-9.112465942738963065e+01
1.338333333333333464e+01	-9.072416683680030758e+01
1.340000000000000036e+01	-9.007310626564537870e+01
1.341666666666666785e+01	-8.987685795950343959e+01
1.343333333333333357e+01	-8.952701187586950482e+01
1.345000000000000107e+01	-8.906110306218469930e+01
1.346666666666666856e+01	-8.874398885241555490e+01
1.348333333333333428e+01	-8.830072582489127342e+01
1.350000000000000000e+01	-8.777434069199595967e+01
1.351666666666666750e+01	-8.766627269990804905e+01
1.353333333333333499e+01	-8.692150267535936337e+01
1.355000000000000071e+01	-8.712520720684152309e+01
1.356666666666666821e+01	-8.618895849814975918e+01
1.358333333333333393e+01	-8.605509777761947987e+01
1.360000000000000142e+01	-8.579685900584570390e+01
1.361666666666666714e+01	-8.568644621324398258e+01
1.363333333333333464e+01	-8.495049523728835084e+01
1.365000000000000036e+01	-8.437026626315476108e+01
1.366666666666666785e+01	-8.443335042543529312e+01
1.368333333333333357e+01	-8.390423972117693552e+01
1.370000000000000107e+01	-8.373930392977163706e+01
1.371666666666666856e+01	-8.336679607439495499e+01
1.373333333333333428e+01	-8.298092163021242129e+01
1.375000000000000000e+01	-8.226628902189705173e+01
1.376666666666666750e+01	-8.254265840129390597e+01
1.378333333333333499e+01	-8.168281221548400595e+01
1.380000000000000071e+01	-8.112572732631014105e+01
1.381666666666666821e+01	-8.103562057604266045e+01
1.383333333333333393e+01	-8.037729157498844756e+01
1.385000000000000142e+01	-8.041092698807652539e+01
1.386666666666666714e+01	-7.969347081535327959e+01
1.388333333333333464e+01	-7.958850215167085196e+01
1.390000000000000036e+01	-7.952609480052085189e+01
1.391666666666666785e+01	-7.873890151766150325e+01
1.393333333333333357e+01	-7.852711550138469931e+01
1.395000000000000107e+01	-7.847876383044602733e+01
1.395000000000000107e+01	-7.889106000879142755e+01
1.396666666666666856e+01	-7.931071047014604858e+01
1.398333333333333428e+01	-7.994507525328614861e+01
1.400000000000000178e+01	-8.199232214352015546e+01
1.401666666666666750e+01	-8.130116079975958598e+01
1.403333333333333499e+01	-8.185120625333007638e+01
1.405000000000000071e+01	-8.359506984520092487e+01
1.406666666666666821e+01	-8.396736431948657753e+01
1.408333333333333393e+01	-8.497702240423514297e+01
1.410000000000000142e+01	-8.647927979155008416e+01
1.411666666666666714e+01	-8.693397540479264762e+01
1.413333333333333464e+01	-8.747642588910761674e+01
1.415000000000000036e+01	-8.849563211167827603e+01
1.416666666666666785e+01	-8.941125282923209738e+01
1.418333333333333357e+01	-9.027282785891807748e+01
1.420000000000000107e+01	-9.116017150282988268e+01
1.421666666666666856e+01	-9.193735798806758908e+01
1.423333333333333428e+01	-9.233381258454096496e+01
1.425000000000000178e+01	-9.346664189767857067e+01
1.426666666666666750e+01	-9.446163363525921852e+01
1.428333333333333499e+01	-9.593311373194850944e+01
1.430000000000000071e+01	-9.630040978212794300e+01
1.431666666666666821e+01	-9.640424422731634024e+01
1.433333333333333393e+01	-9.805093244001508879e+01
1.435000000000000142e+01	-9.748984367856975553e+01
1.436666666666666714e+01	-9.875021212680876204e+01
1.438333333333333464e+01	-1.000501862916147360e+02
1.440000000000000036e+01	-1.020169125423489049e+02
1.441666666666666785e+01	-1.018796070758350965e+02
1.443333333333333357e+01	-1.030016491732265678e+02
1.445000000000000107e+01	-1.036473071372220431e+02
1.446666666666666856e+01	-1.034960947732348870e+02
1.448333333333333428e+01	-1.046903079896292752e+02
1.450000000000000000e+01	-1.061657180180569355e+02
1.451666666666666750e+01	-1.065123637318599066e+02
1.453333333333333499e+01	-1.071944529141307498e+02
1.455000000000000071e+01	-1.078004777689020557e+02
1.456666666666666821e+01	-1.097369096716738142e+02
1.458333333333333393e+01	-1.107005968484243681e+02
1.460000000000000142e+01	-1.112917785469637835e+02
1.461666666666666714e+01	-1.114210966750751481e+02
1.463333333333333464e+01	-1.123265509849725134e+02
1.465000000000000036e+01	-1.133164023907487632e+02
1.466666666666666785e+01	-1.149644340815572292e+02
1.468333333333333357e+01	-1.149994975484502646e+02
1.470000000000000107e+01	-1.158683361228632975e+02
1.471666666666666679e+01	-1.167999158052153206e+02
1.473333333333333428e+01	-1.187452106971369972e+02
1.475000000000000000e+01	-1.179228382345689710e+02
1.476666666666666750e+01	-1.192561576558568390e+02
